flow 12 describecount    401971.000000
mean     128.329363   
std      73.273269    
min      0.000000     
25%      69.000000    
50%      114.000000   
75%      173.700000   
max      442.700000   
Name: value, dtype: float64flow 14 describecount    401972.000000
mean     56.442977    
std      42.525963    
min      0.000000     
25%      23.600000    
50%      45.300000    
75%      78.200000    
max      335.300000   
Name: value, dtype: float64covariance
             flow12       flow14        flow1       flow2      flow4        flow6       flow9      flow10
flow12  5368.971931  2361.225101  2130.101924  323.406934  15.758841  2298.319708  806.053734  50.197164 
flow14  2361.225101  1808.459869  1497.259838  134.853751  3.043654   960.858706   489.959440  154.660499
flow1   2130.101924  1497.259838  1398.170993  129.994147  2.180670   877.532629   450.311247 -0.565762  
flow2   323.406934   134.853751   129.994147   134.554897 -1.268209   249.371779   49.164685  -2.901369  
flow4   15.758841    3.043654     2.180670    -1.268209    3.627759   4.650497    -0.590685    0.595926  
flow6   2298.319708  960.858706   877.532629   249.371779  4.650497   1405.443293  311.422443  19.264808 
flow9   806.053734   489.959440   450.311247   49.164685  -0.590685   311.422443   200.848239 -1.113334  
flow10  50.197164    154.660499  -0.565762    -2.901369    0.595926   19.264808   -1.113334    168.146441correlations          flow12    flow14     flow1     flow2     flow4     flow6     flow9    flow10
flow12  1.000000  0.757770  0.777454  0.380499  0.112917  0.836678  0.776219  0.052831
flow14  0.757770  1.000000  0.941592  0.273375  0.037577  0.602696  0.812965  0.280467
flow1   0.777454  0.941592  1.000000  0.299705  0.030619  0.626003  0.849765 -0.001167
flow2   0.380499  0.273375  0.299705  1.000000 -0.057401  0.573444  0.299068 -0.019289
flow4   0.112917  0.037577  0.030619 -0.057401  1.000000  0.065129 -0.021883  0.024128
flow6   0.836678  0.602696  0.626003  0.573444  0.065129  1.000000  0.586151  0.039629
flow9   0.776219  0.812965  0.849765  0.299068 -0.021883  0.586151  1.000000 -0.006058
flow10  0.052831  0.280467 -0.001167 -0.019289  0.024128  0.039629 -0.006058  1.000000describe pressure 14count    401972.000000
mean     0.399997     
std      0.001093     
min      0.000000     
25%      0.400000     
50%      0.400000     
75%      0.400000     
max      0.400000     
Name: value, dtype: float64describe pressure 12
count    401970.000000
mean     2.231972     
std      0.100580     
min      0.000000     
25%      2.100000     
50%      2.300000     
75%      2.300000     
max      3.100000     
Name: value, dtype: float64correlations pressure and flow              flow12    flow14  pressure12  pressure14
flow12      1.000000  0.757770  0.193047    0.001954  
flow14      0.757770  1.000000  0.031951    0.003159  
pressure12  0.193047  0.031951  1.000000   -0.000037  
pressure14  0.001954  0.003159 -0.000037    1.000000  